<?xml version="1.0" encoding="UTF-8" standalone="no"?>
<!-- Created with Inkscape (http://www.inkscape.org/) -->

<svg
   version="1.1"
   id="svg1"
   xml:space="preserve"
   width="256.76224"
   height="36.088364"
   xmlns:inkscape="http://www.inkscape.org/namespaces/inkscape"
   xmlns:sodipodi="http://sodipodi.sourceforge.net/DTD/sodipodi-0.dtd"
   xmlns="http://www.w3.org/2000/svg"
   xmlns:svg="http://www.w3.org/2000/svg"><defs
     id="defs1" /><sodipodi:namedview
     id="namedview1"
     pagecolor="#ffffff"
     bordercolor="#000000"
     borderopacity="0.25"
     inkscape:showpageshadow="2"
     inkscape:pageopacity="0.0"
     inkscape:pagecheckerboard="0"
     inkscape:deskcolor="#d1d1d1" /><inkscape:clipboard
     style="fill:#ffffff"
     min="204.86902,522.66675"
     max="461.63125,558.75511"
     geom-min="204.86902,522.66675"
     geom-max="461.63125,558.75511" /><g
     id="layer1"
     transform="matrix(3.7795276,0,0,3.7795276,-483.61504,-988.33009)"><g
       id="Layer1000-9"
       transform="matrix(0.0807442,0,0,0.0807442,237.11864,132.50092)"
       style="fill:#ffffff"><path
         d="m -1261.0534,1681.8661 6.1656,-1.6102 c 0,-0.1057 0.029,-0.2393 0.084,-0.4034 0.043,-0.1595 0.078,-0.2957 0.078,-0.4034 0,-0.8579 -0.3655,-1.4746 -1.0998,-1.8494 -0.7336,-0.3755 -1.4653,-0.5702 -2.1989,-0.5702 h -5.2838 c -2.6801,-2.5811 -2.2581,-10.9968 -3.233,-15.8619 -0.2113,-1.0175 -0.3635,-1.9598 -0.4665,-2.8204 -0.1103,-0.8579 -0.1854,-1.6899 -0.2392,-2.494 -0.047,-0.8041 -0.082,-1.8029 -0.082,-2.9798 0,-1.6082 0.1356,-3.5141 0.4008,-5.7177 0.2551,-2.2036 0.6492,-4.0511 1.1722,-5.5609 0.204,-0.7503 0.628,-1.3929 1.254,-1.9318 0.628,-0.5343 1.254,-1.0433 1.8826,-1.5258 0.626,-0.4858 1.2002,-0.9942 1.7232,-1.5311 0.5223,-0.537 0.7802,-1.1324 0.7802,-1.7703 0,-0.8626 -0.1004,-1.5305 -0.3117,-2.0156 -0.2107,-0.4858 -0.6772,-1.048 -1.4088,-1.6933 v -9.6611 c 0,-2.2574 -0.028,-4.7774 -0.08,-7.5698 -0.051,-2.7917 0.2366,-5.3708 0.8626,-7.7339 9.8299,-1.2726 26.2806,-1.5564 36.1523,-0.2439 1.2028,0.1595 1.9086,0.2419 2.1126,0.2419 l 0.7855,0.8088 v 104.6307 l -0.7855,0.8068 c -5.9364,0.7217 -24.2338,1.3311 -30.5051,0.64 -0.9988,-0.1037 -1.9364,-0.1835 -2.8176,-0.2393 -0.8932,-0.054 -2.0136,-0.1854 -3.3759,-0.4007 l -1.5663,-1.6089 z m -90.0365,26.1889 c -0.059,-1.1796 -0.1549,-2.3046 -0.3144,-3.3785 -0.1595,-1.0733 -0.2864,-2.1213 -0.3914,-3.1387 -0.1083,-1.0174 -0.1548,-2.2229 -0.1548,-3.6224 0,-24.1182 0.7808,-45.133 0,-70.8295 v -4.0212 c 0,-1.5045 0.046,-2.8436 0.1548,-4.0251 0.105,-1.1816 0.2319,-2.3864 0.3914,-3.6198 0.1595,-1.24 0.2552,-2.494 0.3144,-3.7832 0.056,-1.2852 0.028,-2.8416 -0.075,-4.6677 l 1.561,-1.6129 h 31.3324 c 1.456,0 3.0004,0.2432 4.6205,0.729 1.6202,0.4825 2.4309,1.6341 2.4309,3.4649 v 1.4441 c 0,0.6446 -0.051,1.8261 -0.1588,3.5447 -0.1037,1.7204 -0.1808,3.5167 -0.2373,5.3967 -0.049,1.878 -0.1289,3.6503 -0.2319,5.3143 -0.103,1.6674 -0.1568,2.8204 -0.1568,3.4603 -0.8393,0.6446 -1.3105,1.238 -1.4142,1.7723 -0.103,0.537 -0.1495,1.2334 -0.1495,2.0987 0,1.6055 0.4944,2.9771 1.4886,4.1068 0.9915,1.1278 2.0607,2.1193 3.2137,2.9752 1.151,0.8626 2.2182,1.6952 3.2071,2.4993 0.9968,0.8041 1.4985,1.6926 1.4985,2.6562 v 22.5499 c 0,5.2074 1.2002,9.1993 -6.2081,10.5244 -3.9195,0.7004 -3.6763,0.6446 -8.3785,0.7522 v 0.3256 c 0,0.8586 0.2551,1.2853 0.7854,1.2853 h -0.8725 c 9.8279,0 6.658,0.5695 7.1411,12.296 0.1057,2.5226 0.2107,5.0917 0.3144,7.7153 0.1076,2.6323 0.1588,4.7967 0.1588,6.5125 v 2.2508 c 0,0.4287 -0.079,1.2328 -0.2339,2.4097 -0.1622,1.1815 -0.6048,1.7703 -1.3344,1.7703 h -37.5984 l -0.7781,-0.8041 c 0.103,-1.7212 0.1309,-3.1725 0.075,-4.3514 z"
         style="fill:#ffffff"
         id="path1-7" /><path
         d="m -1275.149,1644.8836 c 1.1444,0.1569 1.7185,0.6141 1.7185,1.3643 v 21.6973 c 0,0.321 -0.2651,0.5908 -0.7808,0.8041 l -22.2568,1.062 h -0.4691 -0.3164 c -0.5203,-0.216 -0.7808,-0.4832 -0.7808,-0.8041 v -20.4965 c 0,-3.0576 0.115,-4.4172 2.9771,-4.4172 0.4174,0 18.7554,0.626 19.9083,0.7901 z"
         style="fill:#ffffff"
         id="path2-7" /><path
         d="m -1175.3889,1653.2848 c 2.3538,-0.054 4.5156,-0.5742 6.4873,-1.559 0.7549,0 2.0746,-0.056 3.9334,-0.1642 1.8593,-0.1076 3.8284,-0.192 5.9077,-0.2459 2.0727,-0.055 4.0464,-0.1409 5.9058,-0.2465 1.8614,-0.1077 3.1765,-0.1615 3.9427,-0.1615 h 1.4746 c 1.3132,0 2.7054,0.1382 4.1826,0.408 1.4793,0.2718 2.8463,0.7357 4.1029,1.3949 1.2586,0.6539 2.2993,1.5304 3.1174,2.6229 0.8207,1.0972 1.2334,2.4077 1.2334,3.9361 0,1.2102 -0.5204,2.0515 -1.5564,2.5459 -1.046,0.4951 -2.1923,0.931 -3.4463,1.3105 -1.264,0.3874 -4.0092,0.9383 -5.0545,1.5357 -1.0387,0.6074 -1.557,1.6175 -1.557,3.0383 0,4.6398 0.6353,10.1323 0.83,15.0858 1.8408,0.3754 7.6495,0.5416 9.4504,1.2706 1.5424,-0.3675 3.3314,3.0104 2.9752,3.7653 0,0.1123 -0.031,0.2512 -0.084,0.4127 -0.056,0.1641 -0.08,0.3023 -0.08,0.41 -0.3283,0.4339 -1.1257,1.2872 -2.3777,2.5412 -1.2633,1.2613 -2.1099,2.0541 -2.5432,2.3824 -0.113,0.1123 -0.4107,0.2738 -0.9071,0.4924 -0.4924,0.22 -3.5613,0.525 -4.1075,0.7988 -0.5509,0.2698 -1.0666,0.521 -1.559,0.7363 -0.4944,0.2206 -0.7995,0.3867 -0.9005,0.4904 -0.5509,0.3303 -0.8227,0.6067 -0.8227,0.8227 v 15.5875 c 0,0.5483 0.2977,0.9563 0.9025,1.2334 0.5954,0.2691 1.2845,0.4333 2.0514,0.4898 12.0029,0.8625 36.2081,-0.1409 47.1777,-0.1409 v -62.3526 c -0.1077,-0.218 -0.2672,-0.6354 -0.4898,-1.2354 -0.2226,-0.5955 -0.3236,-1.0081 -0.3236,-1.2261 0,-0.3283 -0.054,-0.931 -0.1641,-1.8076 -0.1104,-0.8725 -0.2021,-1.7723 -0.2486,-2.71 -0.061,-0.9217 -0.1409,-1.8261 -0.2412,-2.7033 -0.115,-0.8766 -0.1668,-1.4793 -0.1668,-1.8076 -0.3329,-0.7642 -1.8355,-1.446 -4.5149,-2.0461 -2.6821,-0.6007 -5.636,-1.1769 -8.8596,-1.7278 -3.2304,-0.5416 -6.2686,-1.034 -9.1076,-1.4793 -2.8508,-0.4339 -4.6491,-0.8725 -5.4133,-1.3085 h -56.1377 -2.9373 v 0.218 l -8.1937,0.6027 h -0.9962 c -1.2028,0 -2.5159,0.082 -3.9387,0.2459 -0.6121,0.073 -1.1138,0.1476 -1.5025,0.23 v 0 0 c -0.513,0.1076 -0.83,0.2199 -0.9589,0.3442 l -0.8154,0.8234 c -0.113,0.1076 -0.2512,1.0898 -0.4127,2.9512 -0.1595,1.8614 -0.3024,3.3386 -0.406,4.4312 v 4.9229 4.9209 c 0.5462,0.4406 0.9283,0.6865 1.149,0.7383 0.2133,0.057 0.598,0.082 1.1443,0.082 h 0.9822 c 0.7689,0 1.6992,-0.054 2.7897,-0.1641 1.1018,-0.1083 2.1638,-0.1881 3.2071,-0.2486 8.7865,-0.4266 7.4129,-0.2345 17.8801,-0.4877 z m -37.819,58.3348 c -0.2226,-0.1103 -0.523,-0.3542 -0.9024,-0.739 -0.3848,-0.3794 -0.6333,-0.6845 -0.7337,-0.9044 v -13.9494 -13.9441 c 0,-0.4386 0.021,-1.0101 0.072,-1.7252 0.057,-0.7104 0.1409,-1.4188 0.2532,-2.1311 0.101,-0.7131 0.2671,-1.6129 0.4897,-2.71 l 0.8207,-0.8181 c 3.8258,-0.5489 7.4362,-1.2307 10.8287,-2.0541 3.3898,-0.82 6.8946,-1.5005 10.5024,-2.0514 h 0.038 l 8.1818,-1.3125 h 14.8817 c 0.2206,-0.1057 0.6287,-0.3256 1.2427,-0.6519 0.6047,-0.3303 1.0194,-0.4944 1.2374,-0.4944 0.3309,0 0.9875,-0.026 1.9763,-0.082 0.9922,-0.056 3.9294,-0.105 5.0193,-0.1642 1.0952,-0.054 4.0324,-0.1096 5.0173,-0.1641 0.9868,-0.056 1.6434,-0.082 1.9717,-0.082 0,5.214 0.058,9.3255 0.4804,14.5774 -0.2179,0.5463 -1.2354,0.6818 -1.6666,0.6818 h -3.8285 l -0.307,-0.01 -7.3425,0.8274 c -0.5555,0.2226 -1.1842,0.4405 -1.8992,0.6565 -0.7197,0.2226 -1.4368,0.4665 -2.1498,0.741 -0.7197,0.2738 -1.1862,0.628 -1.4088,1.0619 -0.216,0.2246 -0.6307,0.9636 -1.2401,2.2176 -0.6047,1.2586 -1.0174,2.1591 -1.2354,2.71 v 0.4924 c 0,0.6539 0.3277,1.2281 0.9889,1.7205 0.6612,0.4924 1.4606,0.9284 2.3963,1.3132 0.935,0.3841 1.8494,0.6864 2.7286,0.8997 0.8812,0.2233 1.6015,0.3875 2.1544,0.4925 0.321,0 0.8766,0.059 1.6388,0.1668 0.7689,0.1103 3.4862,0.19 4.3627,0.2459 0.8672,0.054 1.6906,0.1408 2.4595,0.2465 0.7662,0.1123 3.2376,0.7124 3.5679,0.7124 0.1076,2.5625 0.6612,10.2426 0.6612,13.8902 0,0.2207 0.033,0.7151 0.082,1.4773 0.059,0.7642 -0.2432,1.2068 -0.8997,1.3125 -3.9388,0.5489 -10.4606,0.8486 -13.867,0.9004 -12.5824,0.1994 -36.0938,1.8847 -46.573,-3.3592 z"
         style="fill:#ffffff"
         id="path3-6" /><path
         d="m -1014.4964,1665.6718 c 2.6096,-15.8433 -17.6103,-15.6699 -17.7047,-15.4825 -0.3303,-2.4049 -0.2386,-2.9233 -0.6752,-4.6205 -0.4406,-1.6926 -0.6539,-3.7979 -0.6539,-6.3178 0,-0.5416 0.021,-1.3105 0.08,-2.2954 0.054,-0.9802 0.082,-1.5311 0.082,-1.6414 l 0.8227,-0.8227 c 2.7266,-0.1056 5.0591,-0.2153 6.9696,-0.3256 1.9199,-0.1077 3.9129,-0.216 5.9922,-0.3283 2.0774,-0.1076 3.7673,-0.1621 5.0871,-0.1621 h 4.1028 2.9513 c 0.9848,0 1.9158,0.2744 2.7877,0.816 h 14.7694 c 0.1708,0 0.3376,0.043 0.4971,0.1223 l 6.3131,1.5544 c 0.2512,-0.021 0.4433,-0.033 0.5742,-0.033 2.0773,0 3.7726,0.5204 5.083,1.559 1.3172,1.0387 2.3532,2.4336 3.1274,4.1847 0,0.4386 -0.0379,1.1463 -0.0871,2.1358 -0.0538,0.9822 -0.0844,2.0774 -0.0844,3.2795 0,1.0925 0.0306,2.1312 0.0844,3.1181 0.0492,0.9848 0.0871,1.6972 0.0871,2.1358 0,0.216 0.1003,0.6286 0.3229,1.2287 0.216,0.6001 0.3848,1.0128 0.4905,1.2308 v 58.2544 c 0,0.7668 -0.2439,1.3364 -0.7337,1.7185 -0.4971,0.3847 -1.0719,0.6286 -1.7258,0.7389 -0.6586,0.1077 -1.3384,0.1356 -2.0514,0.08 -0.7151,-0.054 -1.2328,-0.08 -1.561,-0.08 -0.4313,0 -1.0108,0.025 -1.7232,0.08 -0.3495,0.028 -0.6918,0.034 -1.0267,0.023 h -0.0166 -0.0326 -0.0306 -0.0332 l -13.4749,-0.5137 c -1.3576,0.084 -2.7478,0.1715 -4.1686,0.2532 -1.8614,0.1077 -3.3918,0.1621 -4.5993,0.1621 h -0.9868 c -0.434,0 -1.1417,-0.054 -2.1292,-0.1621 -0.9842,-0.1077 -1.9711,-0.2977 -2.9539,-0.5768 -0.9822,-0.2672 -1.8587,-0.628 -2.6276,-1.0666 -0.7669,-0.436 -1.1443,-0.9257 -1.1443,-1.4766 z m -35.7417,25.4221 -0.1927,-24.2033 c 0.045,-0.727 0.099,-1.4607 0.1622,-2.2063 0.1076,-17.2402 8.6058,-14.1946 11.2832,-14.5701 v -14.9289 c -1.2002,-0.105 -4.3089,-0.2691 -7.4242,-0.4871 -3.1227,-0.2206 -6.4354,0.5316 -9.9289,0.3701 -3.5048,-0.1594 -6.8122,-0.3003 -9.9329,-0.41 -3.118,-0.1083 -5.2725,-0.1668 -6.4726,-0.1668 h -9.0278 -9.0285 c -0.5482,0.1123 -1.0945,0.3868 -1.6387,0.8227 -0.5509,0.4386 -0.8181,0.9849 -0.8181,1.6414 v 72.1965 c 0,0.5509 0.2672,1.5099 0.8181,2.8768 0.5442,1.367 1.3669,2.0515 2.4568,2.0515 h 38.5599 c 0.333,0 0.8792,-0.8187 1.6461,-2.4668 v -1.3078 c 0,-0.6566 0.021,-1.369 0.08,-2.1359 0.054,-0.7642 0.084,-1.4746 0.084,-2.1311 v -1.4766 -1.6415 c 0,-0.7642 -0.03,-1.5304 -0.084,-2.3019 -0.059,-0.7643 -0.08,-1.4135 -0.08,-1.9671 v -0.9842 c 0,-0.5462 -0.054,-1.557 -0.1668,-3.0336 -0.082,-1.1158 -0.1801,-2.2973 -0.2951,-3.54 z"
         style="fill:#ffffff"
         id="path4-4" /><path
         d="m -812.3427,1597.5729 1.6388,0.82 c 0,0.2207 0.0538,1.1258 0.1668,2.708 0.105,1.5896 0.2432,3.5281 0.41,5.8261 0.1641,2.302 0.2459,4.1022 0.2459,5.4153 v 3.4483 2.2954 l -4.9249,1.6407 h -25.432 c -0.115,0 -0.3588,-0.08 -0.741,-0.2485 -0.3841,-0.1642 -0.6818,-0.3516 -0.8978,-0.5742 -0.2199,-0.1056 -0.4924,-0.3801 -0.82,-0.818 v -18.8724 c 0,-0.2153 0.2672,-0.4944 0.82,-0.8207 0.216,-0.2153 0.5137,-0.41 0.8978,-0.5715 0.3822,-0.1668 0.626,-0.2485 0.741,-0.2485 z m -33.639,114.8641 c -0.22,-1.7464 -0.41,-3.4463 -0.5742,-5.0851 -0.1641,-1.6434 -0.2439,-3.2237 -0.2439,-4.7614 0,-22.2808 0.8181,-43.9894 0.8181,-66.4556 l 0.8207,-0.818 c 0.2133,-0.218 0.5177,-0.408 0.9004,-0.5768 0.3795,-0.1615 0.6327,-0.2439 0.7383,-0.2439 h 33.6411 l 4.1002,1.6387 c 0.4572,1.7185 1.6015,4.1494 1.6414,8.2031 v 6.074 6.236 c 0,0.8772 -0.0565,2.3259 -0.1668,4.3488 -1.0639,19.8146 0.1668,18.1054 0.1668,36.0162 v 5.5775 9.8465 c -0.2206,0.3256 -0.6028,0.6845 -1.151,1.0666 -0.5489,0.3841 -0.9822,0.5768 -1.3058,0.5768 h -35.2805 c -0.2199,0 -0.907,-0.1057 -2.0534,-0.331 -1.149,-0.2179 -1.8354,-0.6539 -2.0514,-1.3124 z"
         style="fill:#ffffff"
         id="path5" /><path
         d="m -737.8757,1710.2128 c 0,-5.9763 0.1502,-8.6391 0.6705,-14.596 0.1104,0 2.3917,-0.5629 2.5579,-0.6194 0.1641,-0.054 0.2957,-0.082 0.408,-0.082 0.5462,0 0.9589,0.1947 1.2307,0.5788 30.9762,4.9654 30.7695,-41.1551 -4.461,-42.0223 l -0.8234,-0.8161 c -0.1097,-2.405 -0.218,1.2593 -0.3256,-0.3841 -0.1077,-1.6414 -0.218,-5.2306 -0.3303,-6.9843 -0.1103,-1.7484 -0.1595,-3.2257 -0.1595,-4.4332 v -0.9795 c 0,-0.5463 0.0492,-1.0666 0.1595,-1.5637 0.1123,-0.4878 0.6001,-0.7343 1.4793,-0.7343 l 34.4052,-0.2366 c 2.1877,0.8772 3.5493,1.4228 4.1029,1.6414 0.8745,0.436 1.8049,0.7098 2.7917,0.8227 0.9828,0.1057 1.9717,0.218 2.9519,0.3257 0.9848,0.1076 1.969,0.3003 2.9539,0.5721 0.9915,0.2745 1.9132,0.7948 2.7897,1.559 2.6256,2.2974 4.5667,4.8971 5.8234,7.7951 1.2613,2.9021 2.1331,3.0921 2.6282,6.264 0.4898,3.1719 0.7104,6.4281 0.6559,9.7641 -0.0585,3.336 -0.0864,6.5876 -0.0864,9.7595 0,1.2055 -0.0232,3.3925 -0.0797,6.567 -0.0538,3.1718 -0.2206,6.5078 -0.4898,10.008 -0.2724,3.5048 -0.6845,6.7843 -1.2307,9.8438 -0.5489,3.0642 -1.3131,5.0898 -2.3,6.072 -1.2001,1.2048 -3.6104,2.2434 -7.2162,3.1153 -3.6098,0.8792 -7.492,1.5637 -11.6514,2.0515 -4.1614,0.4944 -8.1227,0.8512 -11.8953,1.0666 -3.7765,0.2226 -6.4301,0.3309 -7.9612,0.3309 h -7.2208 c -0.5463,0 -1.2049,-0.024 -1.9644,-0.08 -0.7662,-0.057 -1.559,-0.1383 -2.3797,-0.2512 -0.8201,-0.1057 -2.8483,-0.031 -4.0484,-0.2506 l -0.8227,-0.8233 c 0,-0.105 -0.0239,-0.5715 -0.0824,-1.3903 -0.0585,-0.82 -0.0798,-1.4507 -0.0798,-1.8912 z m -5.4386,-56.4901 v -15.85 c -0.5442,0.117 -12.4488,-0.204 -12.8309,-0.7503 l -1.2726,-2.7731 -0.535,-1.4985 c -0.2691,-0.7596 -0.5695,-1.3105 -0.9024,-1.6381 l -0.0279,-21.8708 c -0.3356,-3.3991 -6.161,-4.1846 -13.8198,-4.4099 -0.7197,-0.042 -1.4161,-0.028 -2.1478,-0.056 -1.4766,-0.054 -2.8482,-0.054 -4.1048,0 -1.254,0.059 -2.213,0.084 -2.8715,0.084 h -8.2011 c -1.4254,0 -2.8177,0.08 -4.18,0.2419 -1.3756,0.1662 -2.7146,0.3589 -4.0251,0.5789 -0.8765,0.4339 -1.5072,1.0925 -1.8826,1.9697 -0.3914,0.8765 -0.6048,1.8281 -0.6606,2.8694 -0.0545,1.0427 -0.0545,2.0814 0,3.1154 0.0558,1.0434 0.0844,1.8893 0.0844,2.5485 0,10.6081 0.1309,21.1949 0.4054,31.7445 0.2718,10.5589 0.4127,21.1438 0.4127,31.7545 0,3.8304 -0.1409,7.6874 -0.4127,11.5697 -0.2745,3.8822 -0.4054,7.7406 -0.4054,11.569 v 8.6929 c 0.6513,0.9915 1.5823,1.6414 2.7851,1.9717 1.2022,0.3282 2.4867,0.5489 3.861,0.6565 1.3596,0.1103 2.7592,0.1103 4.1799,0 1.4208,-0.1076 2.6748,-0.1621 3.7746,-0.1621 0.8739,0 1.7205,-0.1382 2.5459,-0.412 0.8227,-0.2745 1.662,-0.4127 2.5412,-0.4127 1.0945,0 2.1072,0.1382 3.0402,0.4127 0.9238,0.2738 1.9903,0.412 3.2005,0.412 1.0878,0 2.1006,-0.1382 3.0289,-0.412 0.9304,-0.2745 1.9412,-0.4127 3.0383,-0.4127 1.1955,0 2.3279,0.1382 3.3639,0.4127 1.036,0.2738 2.2156,0.412 3.5261,0.412 h 1.8075 c 1.3125,0 12.2701,-0.1097 13.9115,-0.3276 1.6381,-0.2187 2.4635,-0.7696 2.4635,-1.6434 0,-0.753 1.0712,-1.6275 1.0712,-2.9519 0,-0.4406 -0.0512,-1.2334 -0.1641,-2.3798 -0.1124,-1.151 -0.1921,-2.3817 -0.2459,-3.6942 -0.0539,-1.3104 -0.1363,-3.5167 -0.2413,-4.7215 -0.1149,-1.2009 -0.1714,-2.0236 -0.1714,-2.4595 -14.4365,4.1381 -29.7189,-10.6553 -27.7831,-18.7434 0,-0.5463 -0.0299,-1.5331 -0.0844,-2.9512 -0.7031,-19.0618 13.5719,-17.2595 27.9286,-20.4852 z"
         style="fill:#ffffff"
         id="path6-3" /><path
         d="m -553.414,1624.6483 c 0,-0.5442 0.0519,-1.559 0.1642,-3.0363 0.1076,-1.4746 0.1874,-3.0336 0.2465,-4.677 0.0558,-1.6388 0.1356,-3.1978 0.2432,-4.6744 0.1083,-1.4746 0.1642,-2.5412 0.1642,-3.1978 0,-0.2226 0.1056,-0.7688 0.3263,-1.6434 0.2226,-0.8745 0.3867,-1.4208 0.4944,-1.6407 0.2159,-0.5463 0.4924,-0.8208 0.8207,-0.8208 h 38.5599 c 0.218,0.2207 0.4924,0.7384 0.8227,1.5591 0.3236,0.8227 0.5981,1.6713 0.8227,2.5458 v 6.0693 c 0,10.9417 -0.1402,21.5757 -0.4147,31.9139 -0.2718,10.339 -0.408,20.9796 -0.408,31.9187 0,4.7049 0.1615,9.3514 0.4898,13.9487 0.3329,4.5926 0.4924,9.3468 0.4924,14.2704 v 1.6434 c 0,0.6585 -0.0279,1.3125 -0.0797,1.9717 -0.0612,0.6539 -0.0798,1.2586 -0.0798,1.8049 v 0.6585 l -0.8227,0.8161 h -39.3826 l -1.6414,-0.8161 c -0.22,-1.7537 -0.3516,-3.2283 -0.4074,-4.4351 -0.0591,-1.2008 -0.1389,-2.4595 -0.2465,-3.7746 -0.1123,-1.3132 -0.1642,-2.401 -0.1642,-3.2795 z"
         style="fill:#ffffff"
         id="path7" /><path
         d="m -891.2243,1665.6718 c 2.6097,-15.8433 -17.6103,-15.6699 -17.704,-15.4825 -0.3309,-2.4049 -0.2392,-2.9233 -0.6751,-4.6205 -0.4413,-1.6926 -0.6546,-3.7979 -0.6546,-6.3178 0,-0.5416 0.0212,-1.3105 0.0797,-2.2954 0.0539,-0.9802 0.0824,-1.5311 0.0824,-1.6414 l 0.8201,-0.8227 c 2.7292,-0.1056 5.0618,-0.2153 6.9723,-0.3256 1.9199,-0.1077 3.9128,-0.216 5.9922,-0.3283 2.0773,-0.1076 3.7673,-0.1621 5.087,-0.1621 h 4.1029 2.9512 c 0.9849,0 1.9159,0.2744 2.7878,0.816 h 14.7694 c 0.1708,0 0.3376,0.043 0.4971,0.1223 l 6.3131,1.5544 c 0.2512,-0.021 0.4432,-0.033 0.5741,-0.033 2.0774,0 3.7726,0.5204 5.0831,1.559 1.3171,1.0387 2.3538,2.4336 3.1273,4.1847 0,0.4386 -0.0378,1.1463 -0.087,2.1358 -0.0538,0.9822 -0.0844,2.0774 -0.0844,3.2795 0,21.6667 0.9848,43.8797 0.9848,65.9678 0,0.7668 -0.2439,1.3364 -0.7336,1.7185 -0.4971,0.3847 -1.0719,0.6286 -1.7258,0.7389 -0.6586,0.1077 -1.3384,0.1356 -2.0515,0.08 -0.7124,-0.054 -1.2353,-0.08 -1.561,-0.08 -5.5396,0 -10.6599,-0.1993 -16.3377,-0.4153 -1.3576,0.084 -2.7479,0.1715 -4.1686,0.2532 -1.8634,0.1077 -3.3919,0.1621 -4.5993,0.1621 h -0.9869 c -0.4339,0 -1.1416,-0.054 -2.1285,-0.1621 -0.9848,-0.1077 -1.9717,-0.2977 -2.9539,-0.5768 -0.9828,-0.2672 -1.8594,-0.628 -2.6282,-1.0666 -0.7669,-0.436 -1.1444,-0.9257 -1.1444,-1.4766 z m -35.7416,25.4221 -0.192,-24.2033 c 0.0445,-0.727 0.0983,-1.4607 0.1614,-2.2063 0.1077,-17.2402 8.6058,-14.1946 11.2833,-14.5701 v -14.9289 c -1.2002,-0.105 -4.3089,-0.2691 -7.4243,-0.4871 -3.1253,-0.2206 -6.4354,0.5316 -9.9309,0.3701 -3.5021,-0.1594 -6.8102,-0.3003 -9.9328,-0.41 -3.1161,-0.1083 -5.2705,-0.1668 -6.4707,-0.1668 h -9.0277 -9.0285 c -0.5482,0.1123 -1.0945,0.3868 -1.6387,0.8227 -0.5529,0.4386 -0.8181,0.9849 -0.8181,1.6414 v 72.1965 c 0,0.5509 0.2652,1.5099 0.8181,2.8768 0.5442,1.367 1.3643,2.0515 2.4568,2.0515 h 38.5599 c 0.3329,0 0.8792,-0.8187 1.6461,-2.4668 v -1.3078 c 0,-0.6566 0.0212,-1.369 0.0797,-2.1359 0.0538,-0.7642 0.0844,-1.4746 0.0844,-2.1311 v -1.4766 -1.6415 c 0,-0.7642 -0.0306,-1.5304 -0.0844,-2.3019 -0.0585,-0.7643 -0.0797,-1.4135 -0.0797,-1.9671 v -0.9842 c 0,-0.5462 -0.0565,-1.557 -0.1668,-3.0336 -0.0818,-1.1158 -0.1801,-2.2973 -0.2951,-3.54 z"
         style="fill:#ffffff"
         id="path8-0" /><path
         d="m -635.5172,1653.2848 c 2.3538,-0.054 4.5155,-0.5742 6.4865,-1.559 0.7576,0 2.0774,-0.056 3.9341,-0.1642 1.8614,-0.1076 3.8284,-0.192 5.9078,-0.2459 2.0747,-0.055 4.0464,-0.1409 5.9057,-0.2465 1.8634,-0.1077 3.1765,-0.1615 3.9428,-0.1615 h 1.4746 c 1.3131,0 2.7053,0.1382 4.1826,0.408 1.4793,0.2718 2.8462,0.7357 4.1022,1.3949 1.2593,0.6539 2.3,1.5304 3.118,2.6229 0.8207,1.0972 1.2334,2.4077 1.2334,3.9361 0,1.2102 -0.5203,2.0515 -1.5564,2.5459 -1.0459,0.4951 -2.1923,0.931 -3.4463,1.3105 -1.2613,0.3874 -4.0091,0.9383 -5.0544,1.5357 -1.0387,0.6074 -1.5544,1.6175 -1.5544,3.0383 0,4.6398 0.6326,10.1323 0.8273,15.0858 1.8428,0.3754 7.6496,0.5416 9.4505,1.2706 1.5424,-0.3675 3.3333,3.0104 2.9744,3.7653 0,0.1123 -0.0299,0.2512 -0.0843,0.4127 -0.0539,0.1641 -0.0798,0.3023 -0.0798,0.41 -0.3256,0.4339 -1.1251,1.2872 -2.3771,2.5412 -1.2632,1.2613 -2.1072,2.0541 -2.5431,2.3824 -0.113,0.1123 -0.4107,0.2738 -0.9078,0.4924 -0.4918,0.22 -3.5606,0.525 -4.1069,0.7988 -0.5509,0.2698 -1.0666,0.521 -1.559,0.7363 -0.4951,0.2206 -0.7994,0.3867 -0.9004,0.4904 -0.5483,0.3303 -0.8227,0.6067 -0.8227,0.8227 v 15.5875 c 0,0.5483 0.2977,0.9563 0.9024,1.2334 0.5981,0.2691 1.2846,0.4333 2.0515,0.4898 12.0029,0.8625 36.2081,-0.1409 47.1796,-0.1409 v -62.3526 c -0.1096,-0.218 -0.2691,-0.6354 -0.4917,-1.2354 -0.2207,-0.5955 -0.3237,-1.0081 -0.3237,-1.2261 0,-0.3283 -0.0538,-0.931 -0.1641,-1.8076 -0.1103,-0.8725 -0.1994,-1.7723 -0.2485,-2.71 -0.0612,-0.9217 -0.1409,-1.8261 -0.2419,-2.7033 -0.1143,-0.8766 -0.1662,-1.4793 -0.1662,-1.8076 -0.3329,-0.7642 -1.8334,-1.446 -4.5155,-2.0461 -2.6794,-0.6007 -5.6353,-1.1769 -8.859,-1.7278 -3.2303,-0.5416 -6.2686,-1.034 -9.1075,-1.4793 -2.8509,-0.4339 -4.6491,-0.8725 -5.4134,-1.3085 h -56.1376 -2.938 v 0.218 l -8.1931,0.6027 h -0.9961 c -1.2029,0 -2.516,0.082 -3.9388,0.2459 -0.612,0.073 -1.1111,0.1476 -1.5005,0.23 h -0.005 v 0 c -0.5131,0.1076 -0.8301,0.2199 -0.9563,0.3442 l -0.8181,0.8234 c -0.1129,0.1076 -0.2512,1.0898 -0.4126,2.9512 -0.1595,1.8614 -0.3004,3.3386 -0.4061,4.4312 v 4.9229 4.9209 c 0.5463,0.4406 0.9284,0.6865 1.149,0.7383 0.2133,0.057 0.5981,0.082 1.1443,0.082 h 0.9842 c 0.7669,0 1.6973,-0.054 2.7898,-0.1641 1.0998,-0.1083 2.1617,-0.1881 3.205,-0.2486 8.7866,-0.4266 7.415,-0.2345 17.8802,-0.4877 z m -37.8164,58.3348 c -0.2252,-0.1103 -0.5256,-0.3542 -0.9051,-0.739 -0.3847,-0.3794 -0.6333,-0.6845 -0.7336,-0.9044 v -13.9494 -13.9441 c 0,-0.4386 0.0206,-1.0101 0.0724,-1.7252 0.0585,-0.7104 0.1409,-1.4188 0.2532,-2.1311 0.101,-0.7131 0.2672,-1.6129 0.4924,-2.71 l 0.8207,-0.8181 c 3.8231,-0.5489 7.4336,-1.2307 10.8261,-2.0541 3.3898,-0.82 6.8946,-1.5005 10.5024,-2.0514 h 0.0378 l 8.1838,-1.3125 h 14.8798 c 0.2206,-0.1057 0.6306,-0.3256 1.2427,-0.6519 0.6047,-0.3303 1.0194,-0.4944 1.2373,-0.4944 0.331,0 0.9875,-0.026 1.9764,-0.082 0.9921,-0.056 3.9294,-0.105 5.0219,-0.1642 1.0925,-0.054 4.0298,-0.1096 5.0146,-0.1641 0.9869,-0.056 1.6434,-0.082 1.9717,-0.082 0,5.214 0.0585,9.3255 0.4805,14.5774 -0.218,0.5463 -1.2354,0.6818 -1.6674,0.6818 h -3.8277 l -0.305,-0.01 -7.3452,0.8274 c -0.5529,0.2226 -1.1835,0.4405 -1.8986,0.6565 -0.7197,0.2226 -1.4374,0.4665 -2.1498,0.741 -0.7197,0.2738 -1.1862,0.628 -1.4088,1.0619 -0.2133,0.2246 -0.6306,0.9636 -1.24,2.2176 -0.6028,1.2586 -1.0154,2.1591 -1.2361,2.71 v 0.4924 c 0,0.6539 0.3283,1.2281 0.9895,1.7205 0.6612,0.4924 1.4607,0.9284 2.3964,1.3132 0.9376,0.3841 1.8494,0.6864 2.7286,0.8997 0.8811,0.2233 1.6008,0.3875 2.1544,0.4925 0.321,0 0.8792,0.059 1.6388,0.1668 0.7688,0.1103 3.4881,0.19 4.3627,0.2459 0.8672,0.054 1.6905,0.1408 2.4594,0.2465 0.7662,0.1123 3.2397,0.7124 3.5679,0.7124 0.1103,2.5625 0.6613,10.2426 0.6613,13.8902 0,0.2207 0.0325,0.7151 0.0817,1.4773 0.0585,0.7642 -0.2439,1.2068 -0.8998,1.3125 -3.9387,0.5489 -10.4605,0.8486 -13.867,0.9004 -12.5797,0.1994 -36.0938,1.8847 -46.5703,-3.3592 z"
         style="fill:#ffffff"
         id="path9" /></g></g></svg>
