<?xml version="1.0" encoding="UTF-8" standalone="no"?>
<!-- Created with Inkscape (http://www.inkscape.org/) -->

<svg
   version="1.1"
   id="svg1"
   xml:space="preserve"
   width="259.61322"
   height="54.920013"
   xmlns:inkscape="http://www.inkscape.org/namespaces/inkscape"
   xmlns:sodipodi="http://sodipodi.sourceforge.net/DTD/sodipodi-0.dtd"
   xmlns="http://www.w3.org/2000/svg"
   xmlns:svg="http://www.w3.org/2000/svg"><defs
     id="defs1" /><sodipodi:namedview
     id="namedview1"
     pagecolor="#ffffff"
     bordercolor="#000000"
     borderopacity="0.25"
     inkscape:showpageshadow="2"
     inkscape:pageopacity="0.0"
     inkscape:pagecheckerboard="0"
     inkscape:deskcolor="#d1d1d1" /><inkscape:clipboard
     style="fill:#00ff00"
     min="-225.99144,401.80705"
     max="33.621797,456.72706"
     geom-min="-225.99144,401.80705"
     geom-max="33.621797,456.72706" /><g
     id="layer1"
     transform="matrix(3.7795276,0,0,3.7795276,-52.754583,-867.47039)"><g
       id="Layer1000"
       transform="matrix(0.08089717,0,0,0.08089717,123.40281,140.01394)"
       style="fill:#00ff00"><path
         d="m -1152.1598,1178.8181 -34.8997,69.83 7.5815,12.5438 2.2671,3.9683 h 15.8715 l 25.2902,-49.0926 1.0706,-10.4312 -13.9961,-28.2372 z"
         style="fill:#00ff00"
         id="path2-3" /><path
         d="m -1119.2871,1221.5434 -9.7768,0.1417 -1.844,0.8512 -10.2019,19.6982 -0.7104,4.1101 34.4392,-1.1316 9.4934,20.1224 19.1324,0.2834 4.8186,-9.6351 2.5524,-3.9684 -32.4545,-65.4749 -2.9756,-4.6778 -2.1253,0.2853 -1.7004,-1.2772 -0.2105,-5.9511 -1.2123,-1.3067 -1.7869,1.287 -0.6169,-1.349 v -7.4172 l -2.8368,-5.9541 -25.365,-0.1397 -3.5453,6.9449 11.3374,21.8227 z"
         style="fill:#00ff00"
         id="path4" /><path
         d="m -1034.613,1159.3983 13.818,-1.3451 2.4796,1.9818 -0.3522,18.1426 c 0.4162,4.6256 -1.7643,7.6307 -5.8832,9.4225 -4.975,1.8676 -9.0772,6.1401 -9.706,12.0479 v 22.0371 c 1.5832,9.2602 6.9577,12.4011 13.1804,14.1703 l 2.8329,6.6625 -0.4586,9.1048 0.1417,9.0693 -0.8501,1.1325 -22.2497,-1.0617 -9.9205,-0.7793 c -7.5245,-7.4024 -4.8146,-3.6122 -12.1186,-12.5427 l -0.7085,-13.1775 -0.4595,-25.4063 1.2004,-5.8379 -1.9089,-5.3568 1.3451,-11.0521 c 1.7968,-10.2048 12.3775,-24.9448 29.6177,-27.2119 z"
         style="fill:#00ff00"
         id="path6" /><path
         d="m -1008.6448,1237.5547 -1.845,6.0938 -0.5658,10.4853 0.4271,5.5289 3.8266,3.26 14.4547,-0.5698 c 7.0226,1.0224 13.7117,-2.8141 19.9826,-12.7533 l 7.7921,-14.0315 -1.9827,-2.2671 -4.8196,-2.4088 -9.4934,-3.8267 -8.5035,-2.9755 c -4.9199,6.5169 -10.9664,12.3646 -19.2731,13.4647 z"
         style="fill:#00ff00"
         id="path8" /><path
         d="m -970.9477,1167.2593 5.527,4.6779 1.5566,2.8338 -8.0774,12.6136 -15.8706,3.9694 -10.7706,-6.5208 1.5586,-14.1703 -2.5524,-11.7644 6.6595,-1.416 c 10.442,0.8502 21.1664,5.9511 21.9693,9.7768 z"
         style="fill:#00ff00"
         id="path10" /><path
         d="m -919.2997,1159.8864 -5.3853,0.5658 h -14.313 l -2.8328,0.9938 -6.6626,6.8012 -0.424,5.6697 c 0.1387,13.7679 -0.1122,28.5354 -1.1356,42.6565 l 0.1417,4.9612 -1.9817,7.9338 -0.427,25.6533 6.5198,9.7778 4.3925,0.7075 10.9133,-0.1417 5.951,-0.5658 3.9694,-8.0765 1.9827,-6.3782 0.7085,-3.5423 18.7074,-0.1427 7.795,-7.0856 -1.2752,-18.1396 -5.6687,-0.5688 -14.3129,0.8502 -5.1039,-0.5658 0.8501,-7.5107 -0.5667,-6.3073 1.1325,-27.7777 1.2772,-3.5453 -1.843,-14.5963 z"
         style="fill:#00ff00"
         id="path12" /><path
         d="m -884.0143,1173.6276 1.2742,48.1845 -1.9827,24.2353 1.1316,7.2283 -0.8502,4.9583 2.9756,6.8023 8.6462,0.1426 10.0621,-2.4097 0.9574,1.0174 c 0.8581,0.8285 1.9286,1.1296 3.2186,0.8767 l 4.2144,-1.1365 2.946,-8.9758 1.843,-34.2985 0.8511,-2.4069 -0.2843,-32.0294 -1.1345,-5.2446 -1.418,-1.7003 0.1427,-14.313 -2.6912,-4.6768 h -23.6695 z"
         style="fill:#00ff00"
         id="path14" /><path
         d="m -805.1486,1160.3085 3.8975,10.5571 0.0709,47.3333 c 0.6091,18.8934 -1.0332,23.6066 -0.5687,39.6838 l -3.9665,7.5107 -25.0855,1.5587 -5.6677,-5.9521 1.5596,-10.2039 c -0.3139,-28.1231 -1.6235,-50.8667 -1.7721,-80.639 l 5.2426,-10.0621 z"
         style="fill:#00ff00"
         id="path16" /><path
         d="m -781.9159,1160.6598 -7.124,5.529 -1.0174,14.739 1.3087,3.9684 24.2796,-1.2772 19.4827,1.4169 9.7414,-2.5495 1.3087,-20.267 -17.1556,-2.4098 z"
         style="fill:#00ff00"
         id="path18-8" /><path
         d="m -789.4906,1215.2224 2.8359,-13.6035 8.2191,-2.2671 37.4128,-0.4281 4.9612,6.8033 2.0132,4.9907 -0.3119,6.3486 -0.9918,5.2427 -52.2955,0.4241 z"
         style="fill:#00ff00"
         id="path20" /><path
         d="m -788.0717,1241.5831 5.5251,0.7085 27.4933,-1.2782 17.8572,0.2854 2.6941,1.9827 0.7085,14.0305 -3.685,5.528 -5.6697,1.416 -20.9745,0.9938 -22.6737,-0.8502 -3.5423,-0.7084 z"
         style="fill:#00ff00"
         id="path22-6" /><path
         d="m -713.1044,1159.8096 39.8235,0.7075 h 7.7941 l 10.7686,-0.2834 7.9358,-0.1397 2.5524,0.5658 17.5738,3.684 0.7075,12.7543 -16.1559,7.5137 -4.6778,-0.9938 -55.27,0.1426 -17.2875,-1.9856 -0.7085,-13.7462 z"
         style="fill:#00ff00"
         id="path24" /><path
         d="m -688.5877,1202.3263 8.2202,-3.1172 18.7064,-0.2854 4.6758,4.3935 v 15.7319 22.107 l 0.1417,4.9612 -1.2742,13.4618 -4.2528,4.6769 -24.5177,0.9938 -2.2671,-6.8023 0.427,-18.1426 2.6912,-10.2038 -0.4241,-4.1081 -1.7013,-3.4026 0.2844,-14.0306 z"
         style="fill:#00ff00"
         id="path26-0" /><path
         d="m -609.3746,1160.3764 c 8.6758,-0.6681 16.1412,0.027 24.5168,-0.4241 l 4.9622,5.528 1.2733,7.0837 -0.9919,54.1375 -0.8482,28.6249 0.8482,6.2364 -3.1153,3.686 -17.5758,0.8482 -16.1559,0.5697 1.7013,-14.74 v -62.0723 l -0.2814,-22.9582 z"
         style="fill:#00ff00"
         id="path28-4" /><path
         d="m -566.4358,1164.0624 16.7217,-3.5453 15.8725,-0.4231 h 18.5657 l 6.5208,-0.2844 4.9583,6.2365 c -1.0666,7.4959 0.1997,11.1514 -3.685,18.1377 l -14.739,-0.4232 -36.4189,0.1417 -7.9378,-2.8358 z"
         style="fill:#00ff00"
         id="path30" /><path
         d="m -566.1504,1202.8921 3.2087,-3.3219 5.0094,1.0548 50.7359,-1.8449 2.4107,2.5534 c 0.5845,6.5976 0.004,11.2518 0.8502,18.1387 l -5.8134,4.5351 -13.7461,-1.2752 -39.1141,0.2844 -3.683,-2.9756 z"
         style="fill:#00ff00"
         id="path32-8" /><path
         d="m -563.4593,1240.8707 h 55.1283 l 4.2528,3.8257 0.2844,19.1325 -2.6942,2.1254 -45.3505,-0.7085 -14.8807,-0.7084 z"
         style="fill:#00ff00"
         id="path34" /><path
         d="m -1337.6848,1164.1677 -3.4704,0.2617 c -0.2126,0.7341 -7.6377,11.9524 -8.3884,13.0751 l -2.8349,4.3325 c -0.6524,1.1729 -0.2942,25.0304 -0.2942,28.3769 0,4.7782 0,9.5564 0,14.3346 0,4.9671 -0.2155,9.1825 -0.2155,14.1191 v 19.6195 c 0.034,0.9407 0.08,1.5695 0.1447,1.7378 0.3473,0.9101 2.575,3.2904 2.8958,4.4889 4.9327,0 9.4029,0.2184 14.1171,0.2184 4.978,0 9.2317,0.2155 14.1191,0.2155 l 5.9088,-14.0876 c 0.2922,-0.7085 0.3031,-0.6711 0.2401,-1.3835 -0.2037,-2.3527 0.1486,-4.9425 -0.1929,-7.2086 -0.6317,-4.1711 0.2293,-10.2039 -0.4014,-14.37 -0.3425,-2.2681 0.1357,-4.854 -0.185,-7.1998 -0.2716,-1.9847 -0.1575,-4.8746 -0.1575,-7.2254 0.7646,0.4045 1.2339,0.8158 1.9247,1.3324 l 1.8263,1.4307 c 0.7684,0.6937 11.4111,21.7764 12.5427,23.95 l 3.255,6.7353 h 3.0405 c 1.0351,-1.5458 1.6924,-3.2245 2.6971,-4.9031 0.9908,-1.6541 1.7121,-3.3033 2.6902,-4.914 1.6649,-2.7325 3.1949,-5.9295 4.7516,-8.7141 0.8836,-1.5823 8.6541,-15.4387 8.6167,-15.9621 l -23.7522,-45.4362 -4.3443,0.2165 -0.4713,-4.7408 c -0.183,-1.7299 0.2135,-3.7293 -1.7003,-3.7293 h -28.2362 c -0.8118,0 -3.7923,4.8008 -4.1259,5.4296 z"
         style="fill:#00ff00"
         id="path36-8" /><path
         d="m -1310.3174,1284.4964 c 0,1.0922 2.0782,0.5677 3.2451,0.6642 l 11.9593,0.4221 c 2.6941,0 4.9268,0.2312 7.8207,0.2145 1.4828,-0.01 2.1657,0.1929 3.5147,0.2204 h 1.0352 0.065 c 1.0096,0 2.0211,-10e-4 3.0316,0 h 0.3867 c 7.0089,0 13.8131,-6.2955 17.2265,-10.3593 0.3454,-0.4103 0.4881,-0.5294 0.8039,-0.9348 l 4.0826,-5.6893 c 2.6636,-4.1465 4.2252,-8.5429 6.4853,-13.0624 l 3.1901,-6.5867 c 0.3926,-0.8197 0.6366,-1.4888 1.0115,-2.2435 3.5069,-7.0394 6.0879,-17.1891 7.862,-24.7185 3.3003,-14.001 6.5425,-28.1703 9.949,-42.1792 0.862,-3.5443 1.5773,-6.938 2.4727,-10.561 0.25,-1.0116 0.2234,-1.8204 0.9938,-2.2632 l 3.4617,-1.3165 c 0.7596,-0.5019 0.4654,-1.1247 1.2959,-3.6998 1.4208,-4.3984 -0.1565,-2.6144 -5.0596,-3.3563 l -15.7643,-0.5275 c -0.3306,1.416 -1.2359,2.9067 -1.8834,4.1997 -0.7114,1.4267 -1.3451,2.6902 -2.026,4.0539 l -6.0091,12.2368 c -2.886,5.77 -3.3446,6.2325 -6.5759,11.668 l -11.6198,18.7901 -8.7377,15.8046 c -0.7626,1.4189 -1.3343,2.5633 -2.153,3.929 l -6.4647,11.7802 c -2.4668,4.8973 -6.1105,10.8631 -8.6147,15.7112 l -7.5245,13.76 c -0.9436,1.8734 -7.4605,12.9727 -7.4605,14.0433 z"
         style="fill:#00ff00"
         id="path38" /><path
         d="m -1223.4372,1264.2973 h 17.1576 c 0.5589,0 2.1117,-0.7016 2.7375,-0.9555 1.35,-0.5431 1.29,-0.7704 1.8971,-2.0122 0.9101,-1.8568 1.7544,-3.2757 2.6784,-5.1423 6.1114,-12.343 6.2826,-8.6481 3.4016,-13.8987 -0.987,-1.7977 -0.7233,-2.1519 -0.7233,-4.7073 0,-1.8105 10e-4,-3.6201 0,-5.4296 0,-2.1215 0.2303,-3.4793 0.2195,-5.4286 l 0.4241,-40.8439 c 0.016,-1.2074 0.2194,-1.3825 0.2351,-2.5889 0.011,-0.8679 -0.018,-1.7534 -0.017,-2.6233 l 0.4487,-8.0224 c 0.027,-0.8462 -0.01,-1.7623 -0.013,-2.6183 l 0.4398,-8.0312 c -0.3581,-0.5353 -3.9919,-3.691 -4.5597,-3.691 h -14.3356 c -0.8787,0 -2.1746,1.0982 -2.8279,1.5164 -1.5085,0.9633 -0.9781,0.917 -1.6698,2.6724 l -2.9028,8.1769 c -0.303,0.7291 -0.3296,0.6937 -1.1512,1.0184 -1.9601,0.7774 -1.6226,0.1083 -2.0939,2.2504 l -9.639,43.1405 c -0.6081,2.6676 -2.2691,8.6069 -1.9306,11.0029 0.1043,0.7478 0.024,1.3756 0.06,2.1145 l 0.6396,8.049 c 0.064,0.7872 -0.037,1.5153 0.071,2.3173 0.1408,1.0253 0.2254,2.9263 0.3444,4.0018 0.2736,2.5121 0.4409,9.9943 0.8089,12.4385 0.2922,1.9532 -0.9447,2.6232 3.006,5.6824 1.3756,1.0647 0.802,1.3914 2.947,1.3973 1.4002,0 2.6341,0.2145 4.3472,0.2145 z"
         style="fill:#00ff00"
         id="path40-8" /><path
         d="m -1239.0755,1153.525 12.1678,0.01 c 1.5321,0.01 2.2553,-0.2234 3.9045,-0.2234 1.2772,-2.4147 4.2734,-6.9528 5.8635,-9.3389 2.0516,-3.0759 4.1701,-6.1233 6.2994,-9.1235 l 12.3804,-18.2439 c -0.3355,-0.5038 -0.4772,-0.7774 -0.923,-1.2497 l -3.3288,-3.8385 c -0.7301,-0.9377 -4.0333,-4.4279 -4.2183,-5.1216 l -6.2581,3.5168 c -2.7305,1.6403 -2.0279,1.2004 -4.4525,5.5388 l -5.3508,9.4196 c -4.0412,7.0168 -8.5183,15.478 -12.5674,22.1838 z"
         style="fill:#00ff00"
         id="path42" /></g></g></svg>
