<?xml version="1.0" encoding="UTF-8" standalone="no"?>
<!-- Created with Inkscape (http://www.inkscape.org/) -->

<svg
   version="1.1"
   id="svg1"
   xml:space="preserve"
   width="227.3895"
   height="58.794338"
   xmlns:inkscape="http://www.inkscape.org/namespaces/inkscape"
   xmlns:sodipodi="http://sodipodi.sourceforge.net/DTD/sodipodi-0.dtd"
   xmlns="http://www.w3.org/2000/svg"
   xmlns:svg="http://www.w3.org/2000/svg"><defs
     id="defs1" /><sodipodi:namedview
     id="namedview1"
     pagecolor="#ffffff"
     bordercolor="#000000"
     borderopacity="0.25"
     inkscape:showpageshadow="2"
     inkscape:pageopacity="0.0"
     inkscape:pagecheckerboard="0"
     inkscape:deskcolor="#d1d1d1" /><inkscape:clipboard
     style="fill:#e30016;stroke-width:0.26746659"
     min="61.637778,400.43131"
     max="289.02727,459.22565"
     geom-min="61.637778,400.43131"
     geom-max="289.02727,459.22565" /><g
     id="layer1"
     transform="matrix(3.7795276,0,0,3.7795276,-340.3838,-866.09465)"><path
       d="m 135.46227,237.23851 c 0.0111,-0.15043 0.0699,-0.29307 0.17782,-0.58597 0.48172,-1.30709 1.21209,-2.63751 1.93417,-3.82716 0.4342,-0.71537 0.90537,-1.44447 1.40789,-2.14402 l -0.37755,-0.25887 0.56406,0.003 c 0.29405,-0.39864 0.59832,-0.78577 0.91169,-1.15298 0.0964,-0.11289 0.2582,-0.15569 0.39515,-0.081 0.28296,0.15419 0.13152,0.4399 0.0403,0.62988 -0.0384,0.08 -0.0892,0.18772 -0.1426,0.25762 -0.0871,0.11402 -0.17242,0.23143 -0.25603,0.35101 l 6.40095,0.03 c 0.80999,0.004 1.1457,0.915 1.4407,1.52268 l 1.771,3.64775 c 0.25991,0.53534 0.4845,1.10717 0.49333,1.71035 0.008,0.5412 -0.22848,1.00701 -0.41968,1.49732 l -0.002,0.005 -0.51098,1.17797 c -0.40459,0.96125 -0.8297,1.91265 -1.24466,2.8694 l -0.003,0.006 -0.003,0.006 c -0.24829,0.50479 -0.52829,1.00095 -0.93324,1.39838 -0.30254,0.29685 -0.78856,0.37317 -1.19438,0.40842 l -0.0146,9.2e-4 -2.17866,-0.0183 -3.00167,-0.21847 c -0.98637,-0.0736 -2.22672,0.0562 -2.84796,-0.91761 l -0.0112,-0.0176 -0.50199,-1.08863 -1.10819,-2.83252 -0.38456,-0.97075 h -10.8079 c -0.87499,0 -1.55105,-0.61985 -1.55105,-1.40927 v -2.59154 h 1.55105 v 2.11291 c 0,0.25352 0.22536,0.47865 0.50684,0.47865 z m -15.33447,3.02246 c 0,-0.0282 -0.0282,-0.0563 -0.0564,-0.0563 -0.0846,-0.0846 -0.22535,-0.11265 -0.36621,-0.11265 h -2.28231 c -0.22533,0 -0.42263,0.0563 -0.6481,0.16896 -0.1971,0.11266 -0.33797,0.25325 -0.42261,0.42221 l -0.39431,0.76003 -0.19729,0.39415 c -0.0846,0.16865 -0.0847,0.30972 0.0281,0.42221 0.0283,0.0563 0.0847,0.11263 0.16915,0.14072 0.0844,0.0283 0.16901,0.0283 0.28176,0.0283 h 2.28231 c 0.19707,0 0.39429,-0.0563 0.6198,-0.16897 0.19729,-0.11249 0.33798,-0.25356 0.42247,-0.42221 l 0.50727,-1.01359 0.0845,-0.1406 c 0.0845,-0.16895 0.0845,-0.30954 -0.0281,-0.4222 z m -0.95796,1.21036 c -0.0563,0.0845 -0.14089,0.16881 -0.28188,0.22513 -0.14086,0.0563 -0.2816,0.0847 -0.39436,0.0847 h -1.77518 c -0.0564,-0.0284 -0.11245,-0.0563 -0.14075,-0.0847 -0.0282,-0.028 -0.0282,-0.0563 -0.0563,-0.11266 0,-0.028 0,-0.0561 0.0282,-0.11247 l 0.22522,-0.45033 c 0.0282,-0.0563 0.0846,-0.0846 0.11273,-0.11265 0.0564,-0.0561 0.11274,-0.0846 0.16914,-0.11252 0.0564,-0.0283 0.11276,-0.0563 0.19726,-0.0563 0.0563,-0.0284 0.1407,-0.0284 0.19707,-0.0284 h 1.57801 c 0.14085,0 0.22517,0.0284 0.30996,0.0847 0.0563,0.0563 0.0563,0.1406 0.0563,0.22517 z m -6.0014,-1.37933 c -0.19728,0 -0.42263,0.0563 -0.61986,0.16897 -0.19725,0.11266 -0.33827,0.25325 -0.42262,0.4222 l -0.0845,0.1406 -0.0846,0.16898 c -0.0845,0.16899 -0.0845,0.30959 0,0.42225 0.0846,0.0846 0.25345,0.11266 0.47897,0.14087 h 2.42302 l -0.14071,0.25325 h -3.18403 l -0.30987,0.61942 h 3.04302 c 0.11276,0 0.22536,0 0.33811,-0.0283 0.0847,-0.0281 0.19711,-0.0844 0.28172,-0.11266 0.1128,-0.0563 0.19727,-0.14055 0.28177,-0.19689 0.0563,-0.0848 0.14097,-0.16896 0.16912,-0.28162 l 0.14074,-0.25325 c 0.11272,-0.22531 0.11272,-0.36604 0.0284,-0.45045 -0.0848,-0.0844 -0.25365,-0.11266 -0.50727,-0.11266 h -2.42317 l 0.14102,-0.28165 h 3.18376 l 0.30983,-0.6191 z m 10.90383,0 -0.67625,1.37933 c -0.056,0.0845 -0.14086,0.16881 -0.2816,0.22513 -0.14098,0.0563 -0.25362,0.0847 -0.39465,0.0847 h -1.7749 c -0.0563,-0.0284 -0.0847,-0.0563 -0.11275,-0.0847 -0.0563,-0.028 -0.0563,-0.0563 -0.0563,-0.11266 -0.028,-0.028 0,-0.0561 0,-0.11247 l 0.70435,-1.37933 h -0.59158 l -0.81707,1.60446 -0.0847,0.1409 c -0.0845,0.16865 -0.0564,0.30971 0.0282,0.42221 l 10e-6,9.1e-4 7e-5,9.2e-4 9e-5,9.2e-4 1.5e-4,9.2e-4 1.8e-4,9.1e-4 2e-4,9.2e-4 2e-4,9.2e-4 2.1e-4,9.1e-4 h 10e-6 l 4.1e-4,9.2e-4 h 1e-5 l 4e-4,9.2e-4 h 3e-5 l 4e-4,9.2e-4 h 2e-5 l 3.9e-4,9.1e-4 4.1e-4,9.2e-4 h 2e-5 l 4e-4,9.2e-4 h 3e-5 l 3.9e-4,9.2e-4 h 2e-5 l 6e-4,9.1e-4 h 2e-5 l 6e-4,9.2e-4 h 3e-5 l 5.9e-4,9.2e-4 h 2e-5 l 6.1e-4,9.2e-4 h 3e-5 l 5.9e-4,9.1e-4 h 2e-5 l 6.3e-4,9.2e-4 h 2e-5 l 6.3e-4,9.2e-4 6.2e-4,9.2e-4 h 2e-5 l 6.3e-4,9.1e-4 h 2e-5 l 6.2e-4,9.2e-4 h 2e-5 l 6.3e-4,9.2e-4 h 2e-5 l 6.3e-4,9.1e-4 h 2e-5 l 6.3e-4,9.2e-4 6.2e-4,9.2e-4 h 3e-5 l 9.2e-4,9.2e-4 h 10e-6 l 9.1e-4,9.1e-4 9.2e-4,9.2e-4 h 2e-5 l 9.2e-4,9.2e-4 h 2e-5 l 9.2e-4,9.2e-4 h 2e-5 l 9.2e-4,9.1e-4 h 2e-5 l 9.2e-4,9.2e-4 h 2e-5 l 9.2e-4,6.3e-4 9.1e-4,6.3e-4 h 2e-5 l 9.2e-4,6.2e-4 9.2e-4,6.3e-4 9.2e-4,6.3e-4 9.1e-4,6.2e-4 9.2e-4,6.4e-4 9.2e-4,6.2e-4 h 2e-5 l 9.1e-4,6e-4 9.2e-4,6e-4 h 2e-5 l 9.2e-4,6.1e-4 h 2e-5 l 9.2e-4,5.9e-4 9.2e-4,6.1e-4 9.2e-4,5.9e-4 h 1e-5 l 9.2e-4,6.1e-4 h 3e-5 l 9.2e-4,4e-4 9.1e-4,4e-4 9.2e-4,4e-4 9.2e-4,4.1e-4 9.2e-4,4e-4 9.1e-4,2e-4 9.2e-4,1.9e-4 9.2e-4,2.1e-4 9.2e-4,1.7e-4 9.1e-4,1.5e-4 9.2e-4,9e-5 9.2e-4,7e-5 9.2e-4,1e-5 c 0.0845,0.0844 0.22536,0.11266 0.39451,0.11266 h 2.28231 c 0.19706,0 0.42259,-0.0563 0.61969,-0.16896 0.19722,-0.11251 0.33809,-0.25356 0.42258,-0.4222 l 0.50728,-1.0136 0.3943,-0.73176 z m 4.53632,0.16897 c -0.0563,-0.0563 -0.11276,-0.11264 -0.19711,-0.14091 -0.0563,-0.0281 -0.14116,-0.0281 -0.25378,-0.0281 h -3.04286 l -0.81706,1.60446 -0.36626,0.73208 h 0.6197 l 0.84538,-1.71743 h 2.08506 c 0.1407,0 0.25345,0.0284 0.30983,0.0847 0.0564,0.0563 0.0847,0.14059 0.0564,0.22517 l -0.70447,1.40753 h 0.59171 l 0.87348,-1.74537 c 0.0845,-0.16894 0.0845,-0.30954 0,-0.42219 z m 4.22634,0 c -0.0847,-0.11264 -0.22537,-0.16897 -0.45085,-0.16897 h -3.04285 l -0.31005,0.61911 h 2.67682 c 0.14069,0 0.25346,0.0284 0.30983,0.0848 0.0564,0.0563 0.0843,0.14059 0.0564,0.22517 l -0.22552,0.45033 c -0.028,0.0845 -0.14073,0.1688 -0.28172,0.22513 -0.11276,0.0563 -0.25349,0.0847 -0.39451,0.0847 h -2.0849 l 0.42244,-0.81648 h -0.59159 l -0.50694,0.95711 -0.25374,0.50675 h 3.04298 c 0.22539,0 0.42263,-0.0563 0.62,-0.16897 0.2251,-0.11249 0.36625,-0.25355 0.45061,-0.4222 l 0.59171,-1.15419 c 0.0564,-0.16895 0.0564,-0.30955 -0.0281,-0.4222 z m -42.774895,-3.02248 v -2.59139 h 1.578789 v 2.11291 c 0,0.25351 0.225854,0.47865 0.507335,0.47865 l 6.203692,-1.7e-4 c 0.311027,0 0.535723,-0.22481 0.535723,-0.47834 v -2.11305 h 1.551386 v 2.59139 c 0,0.7894 -0.705113,1.40944 -1.551386,1.40944 h -7.24675 c -0.874,0 -1.578945,-0.61986 -1.578945,-1.40927 z m 11.166055,1.40944 v -4.00083 h 8.79828 c 0.84593,0 1.55171,0.61986 1.55171,1.40859 v 1.1828 c 0,0.7894 -0.70593,1.40944 -1.55188,1.40944 h -1.46585 l 3.01773,1.66194 h -2.93336 l -5.61134,-3.07138 h 6.48601 c 0.28147,0 0.50681,-0.22481 0.50681,-0.47834 l 1.7e-4,-0.22596 c 0,-0.25352 -0.22551,-0.4785 -0.50698,-0.4785 l -6.73942,-1.6e-4 v 2.5924 z m 21.48847,0 v -4.00083 h -8.79912 c -0.87318,0 -1.55105,0.61986 -1.55105,1.40859 l 1.6e-4,1.1828 c 0,0.7894 0.67755,1.40944 1.55089,1.40944 h 4.90705 l 2.08744,-1.40944 h -6.48634 c -0.28214,0 -0.50815,-0.22481 -0.50815,-0.47834 v -0.22596 c 0,-0.25352 0.22601,-0.4785 0.50815,-0.4785 l 6.74026,-1.6e-4 v 2.5924 z m 16.93483,-7.50892 c -0.0678,0.10769 -0.13465,0.21515 -0.20062,0.32162 -0.3909,0.63149 -0.76487,1.27528 -1.12489,1.92481 -0.36513,0.65874 -0.71895,1.32756 -1.04515,2.00643 -0.23022,0.47926 -0.4841,1.01907 -0.63724,1.52837 -0.0781,0.2598 -0.0973,0.19564 -0.0328,0.33731 0.54628,0.005 2.68619,0.174 2.83917,-0.19174 l 0.99628,-2.66822 c 0.17538,-0.46969 0.65907,-0.91565 1.18924,-0.71515 0.1791,0.0677 0.31498,0.20323 0.39578,0.37548 0.12676,0.2702 0.22273,0.56541 0.32184,0.84711 0.12825,0.36419 0.26239,0.72208 0.42179,1.07418 0.03,0.0664 0.0624,0.13187 0.0964,0.19638 0.11728,0.22247 0.25619,0.4395 0.40604,0.64144 0.0613,0.0827 0.18523,0.24987 0.26655,0.31669 0.20104,0.11651 0.51287,0.14639 0.73947,0.14116 l 3.77696,-0.0873 c 0.0215,-6.1e-4 0.0556,-1e-4 0.0914,-4e-4 -9.2e-4,-0.003 -0.003,-0.006 -0.003,-0.009 l -0.28974,-0.78587 -0.93106,-2.21557 -0.9614,-2.10537 c -0.0324,-0.0649 -0.16979,-0.35122 -0.20684,-0.37788 -0.0379,-0.0274 -0.33712,-0.0483 -0.38699,-0.0525 l -5.66727,-0.46532 z m -2.54754,7.5022 0.28558,0.49483 1.31946,2.81248 c 0.30266,0.65297 0.37936,0.85363 1.12604,0.87441 l 2.13643,-0.009 3.43287,-0.068 c 0.10654,-0.011 0.30461,-0.0155 0.38693,-0.0463 0.0401,-0.0151 0.0705,-0.051 0.0949,-0.0856 l 0.3557,-0.6345 c 0.5384,-1.15284 1.0861,-2.30377 1.52849,-3.49791 0.003,-0.008 0.006,-0.0176 0.0106,-0.0285 -0.0148,2e-4 -0.0279,6.1e-4 -0.0378,6.2e-4 l -3.60342,0.10111 c -0.72705,0.0204 -1.67511,0.008 -2.06579,-0.67797 -0.2132,-0.37464 -0.47226,-0.78063 -0.62715,-1.18238 -0.091,-0.23601 -0.13331,-0.46775 -0.2237,-0.69826 l -0.54878,1.55268 c -0.16962,0.4483 -0.4755,0.7494 -0.89419,0.90743 -0.4187,0.16943 -1.02491,0.21294 -1.4274,0.2136 -0.41618,6.2e-4 -0.83292,-0.0112 -1.24881,-0.0288 z"
       style="fill:#e30016;fill-rule:evenodd;stroke-width:0.0707672"
       id="path1-856" /></g></svg>
